105
105
90
84
84
89
89
89
81
82
83
83
86
96
100
98
98
94
97
105
100
104
105
104
104
104
107
104
104
104
-1
-1
-1
-1
-1
-1
-1
-1
-1
76
76
81
-1
-1
-1
-1
97
97
97
87
87
-1
-1
-1
-1
-1
-1
-1
-1
-1
-1
-1
-1
-1
-1
-1
-1
-1
-1
-1
102
104
102
102
102
-1
75
75
86
81
81
78
75
75
83
-1
-1
-1
-1
94
97
97
97
95
90
91
91
83
88
93
93
95
91
95
96
96
96
97
93
100
100
-1
-1
-1
-1
-1
-1
-1
-1
-1
-1
-1
-1
-1
-1
-1
-1
-1
80
80
77
77
-1
-1
-1
-1
-1
-1
-1
-1
-1
-1
-1
-1
76
77
77
77
75
75
75
-1
-1
-1
-1
-1
79
79
69
69
66
72
72
81
79
79
79
78
-1
-1
-1
-1
-1
-1
-1
-1
-1
-1
93
83
83
87
87
84
84
82
82
77
78
83
83
80
80
75
-1
-1
-1
-1
-1
93
83
96
96
88
87
88
88
83
-1
-1
-1
-1
97
97
102
107
108
113
110
110
113
110
107
111
124
107
118
111
108
111
111
105
100
100
98
102
98
98
107
105
105
105
108
105
113
107
115
115
115
110
113
95
105
105
93
80
80
83
82
82
84
81
87
87
93
93
93
94
94
101
84
94
94
87
93
98
91
91
102
100
102
105
104
102
102
-1
-1
-1
-1
-1
115
115
96
97
104
98
108
104
104
104
110
105
101
124
-1
-1
-1
-1
-1
-1
-1
-1
108
110
107
107
111
105
115
115
115
110
110
115
110
100
96
96
96
